0.0017340229043368597
0.0018305907697915235
0.002029379689132183
0.0023362234062953013
0.0027554362113692277
0.0032897137929868664
0.003940057984398152
0.004705726811009454
0.005584210855238204
0.0065712365442852205
0.007660796544412719
0.008845207018285665
0.010115191076744846
0.011459987339880878
0.012867482121199862
0.014324363369513425
0.015816294152113115
0.01732810314552765
0.018843989321906382
0.020347737784398887
0.021822943517692716
0.02325323968325167
0.024622527005079067
0.02591520076247761
0.027116371931875854
0.028212079100044134
0.02918948790474746
0.03003707494403344
0.030744793329052642
0.03130421733389079
0.031708663914965705
0.03195328922705645
0.032035158647365586
0.03195328922705645
0.031708663914965705
0.03130421733389079
0.030744793329052642
0.03003707494403344
0.02918948790474746
0.028212079100044134
0.027116371931875854
0.025915200762477615
0.024622527005079067
0.02325323968325167
0.021822943517692723
0.020347737784398887
0.018843989321906382
0.017328103145527643
0.015816294152113115
0.014324363369513432
0.012867482121199859
0.011459987339880878
0.010115191076744842
0.008845207018285665
0.007660796544412719
0.006571236544285216
0.005584210855238204
0.00470572681100946
0.003940057984398152
0.0032897137929868664
0.0027554362113692307
0.0023362234062953013
0.002029379689132183
0.0018305907697915224
0.0017340229043368597
